100
2 99.9994 55.7726
0.0008 82.3959
0.0005 29.1493
2 99.9991 60.3653
99.9998 17.6322
38.4109 60.6586
2 0.0008 29.9338
99.9999 29.8913
95.4699 38.0105
2 99.9993 83.4217
99.9996 20.2985
40.8304 83.4212
2 100.0000 75.6127
70.0263 75.6127
27.0364 27.7990
2 0.0008 63.3909
0.0004 63.3909
99.9993 76.2694
2 0.0006 18.9311
99.9991 18.9311
99.9997 93.6828
2 100.0000 65.1587
99.9999 65.1586
0.0001 65.1587
2 0.0005 39.9952
0.0011 39.9952
0.0004 59.9886
2 100.0000 65.1586
99.9999 65.1586
0.0001 65.1587
2 0.0003 82.8271
0.0003 73.0643
0.0006 92.5899
2 0.0001 77.2831
0.0001 97.3911
0.0001 57.1751
2 26.1546 69.5055
100.0000 69.5055
99.9999 69.5055
2 13.9552 79.4030
65.7313 0.7322
89.5496 0.7322
2 100.0000 88.3983
99.9999 88.3984
0.0001 88.3983
2 0.0007 94.0261
99.9991 94.0261
99.9998 64.5920
2 0.0007 51.0086
77.0882 97.6742
0.0005 51.0086
2 0.0009 17.5191
99.9997 19.3752
99.9998 17.4977
2 0.0001 65.6419
16.1949 72.3553
71.1445 58.9285
2 0.0003 54.3495
99.9992 84.8973
66.6448 23.8016
2 0.0001 7.7807
0.0011 7.7712
0.0010 57.2558
2 0.0005 57.8370
0.0008 57.8370
70.7583 39.6631
2 0.0006 91.3139
99.9997 17.6736
69.9387 92.0453
2 0.0011 19.8886
0.0002 19.8886
0.0006 39.7811
2 59.1081 96.8236
85.9566 98.5488
45.9915 93.5993
2 99.9997 9.6668
99.9996 46.7301
0.0009 9.6556
2 99.9997 23.7768
0.0009 91.9042
99.9995 23.7526
2 95.9438 71.3985
0.0002 71.3985
0.0001 71.3985
2 0.0003 11.5221
74.5761 11.5221
0.0008 49.6733
2 99.9995 28.7422
80.3785 0.1692
99.9999 28.7422
2 99.9997 7.7416
0.0005 77.5003
0.0005 7.7320
2 99.9991 52.3152
99.9990 38.0048
0.0010 52.8000
1 61.9308 45.1075
33.5307 36.8011
2 99.4808 76.9326
99.9999 76.9326
100.0000 76.9326
2 99.9994 61.6841
99.9995 62.1697
99.9991 56.1579
2 23.5239 61.0258
27.0047 18.9934
81.0206 61.0250
2 0.0001 61.5287
0.0009 61.9993
0.0004 17.3536
1 94.2308 10.8867
68.1718 10.8878
2 0.0004 74.0872
99.9993 47.6201
0.0006 74.3700
2 99.9997 33.6886
0.0002 5.6606
0.0006 61.7166
2 30.0000 65.4321
0.0001 50.0000
100.0000 99.9000
2 0.0006 20.0505
99.9997 20.0505
0.0002 33.0808
2 99.9991 24.9328
0.0005 29.9888
0.0010 24.9328
2 99.9999 64.1123
99.9995 91.0053
0.0010 37.2193
2 38.2435 0.1000
21.7863 80.8777
93.9797 0.1000
2 99.9997 75.9840
99.9998 54.7285
0.0007 75.9840
2 99.9997 24.8271
99.9993 27.0807
99.9996 24.8271
2 41.2342 16.0123
23.9956 15.4886
60.4453 44.5660
2 2.6618 7.8851
0.0002 7.5707
99.9998 7.8851
2 99.9990 18.2605
0.0006 17.8117
99.9994 18.2605
2 0.0002 92.5010
0.0010 34.6663
99.9999 93.0865
2 99.9995 62.4925
99.9997 28.8623
99.9990 96.1226
2 0.0002 93.5455
99.9995 94.1647
0.0009 93.4308
2 100.0000 59.3926
0.0006 43.0644
0.0004 59.8512
2 37.8152 99.9000
79.5663 99.9000
87.1965 55.0732
1 85.8974 99.9000
55.1086 99.9000
2 99.9997 65.1643
99.9998 40.8726
99.9994 65.1643
2 0.0001 29.1218
99.9992 34.4402
0.0002 23.8034
2 99.9997 56.3278
33.1849 35.4515
99.9994 77.2041
2 0.0008 64.1634
99.9994 41.3357
99.9996 86.9911
2 0.0001 22.7712
99.9996 26.0675
99.9991 22.7449
1 76.3401 26.9177
6.7879 26.9177
2 100.0000 33.8584
64.1545 11.4177
50.7117 56.2992
2 13.1982 51.6291
1.2902 51.6291
72.5176 51.6291
1 48.9950 99.9000
45.2858 77.3644
2 0.0010 19.0025
99.9994 19.0025
99.9990 41.0096
2 0.0010 39.9659
99.9992 75.6361
99.9990 4.2956
2 22.9790 1.5535
82.1787 2.2338
63.3911 0.6715
2 99.9998 43.3931
0.0005 43.7370
0.0009 27.4349
2 93.9173 0.1000
21.6593 45.0543
26.9426 1.0677
2 68.7158 85.3765
24.9193 85.3765
1.2486 85.3765
1 10.0000 50.0000
0.2000 50.0000
2 0.0002 56.1941
0.0003 72.4187
99.9997 56.1951
2 36.7873 56.6575
31.2424 38.3638
94.4533 25.5216
1 50.9557 24.1913
95.4128 10.0883
2 0.0001 88.7185
99.9992 25.5859
99.9993 89.6118
2 0.0001 0.1000
0.0001 0.1002
0.0001 0.1001
2 99.9995 80.3378
0.0008 80.3378
99.9992 41.4630
2 0.0008 18.7094
0.0003 18.7094
0.0010 51.3826
2 0.0004 94.5513
0.0002 70.9059
25.3573 94.9482
2 0.0007 73.2265
0.0005 73.2265
10.7859 31.6391
2 99.9998 44.9488
0.0006 1.6677
99.9997 44.9488
2 100.0000 88.3984
99.9999 88.3984
0.0001 88.3983
2 0.0008 47.1254
99.9995 47.1254
0.0007 0.7262
2 0.0005 42.1648
99.9999 1.5992
11.3728 42.1648
2 0.0005 85.0988
100.0000 75.1494
0.0011 85.2286
2 99.9995 40.7353
42.9987 40.7353
0.0007 76.4595
2 0.0009 82.2568
0.0002 29.6432
0.0010 82.2568
2 0.0002 72.4892
0.0008 72.4892
0.0006 33.5786
2 100.0000 48.6692
99.9995 19.6681
100.0000 48.6692
2 0.0001 0.1001
0.0001 0.1000
0.0001 0.1003
2 0.0005 42.5309
99.9990 75.1178
0.0005 42.5309
2 99.9991 89.0319
0.0005 36.2553
0.0010 89.0319
2 99.9998 26.8009
0.0001 57.5143
0.0009 26.8009
2 5.0000 99.9000
30.0000 99.8999
20.0000 99.7000
2 99.9990 32.5292
99.9995 96.3102
99.9998 32.4865
2 0.0009 46.8790
99.9999 60.3087
0.0003 46.8790
2 99.9996 90.3891
0.0002 43.0199
99.9991 90.3891
2 99.9993 31.5536
99.9999 66.8445
0.0010 31.5536
2 11.8792 26.1577
14.2517 26.1588
3.1293 55.0412
