100
2 99.9997 83.5349
0.0003 59.8107
0.0002 83.5349
2 59.1081 96.8236
85.9566 98.5488
45.9915 93.5993
2 84.7966 93.6838
0.0008 94.7878
99.9998 93.6838
2 99.9991 69.4920
99.9994 75.9077
99.9997 69.3914
2 0.0002 67.2490
99.9999 67.2490
99.9998 62.3784
2 0.0002 55.6530
99.9997 55.6530
0.0009 52.6989
2 0.0001 20.2224
99.9991 20.2224
0.0005 54.1882
2 99.9997 49.6236
0.0003 62.2612
0.0001 36.9861
2 6.8121 95.1056
0.0002 95.1056
0.0001 95.1056
2 100.0000 75.6127
70.0263 75.6127
27.0364 27.7990
2 99.9992 0.8307
0.0009 74.0622
0.0004 0.8307
2 0.0005 35.5798
99.9993 35.5398
99.9996 64.3644
2 99.9990 91.2685
99.9997 91.3794
99.9990 58.8780
2 99.9998 27.2780
0.0006 76.6565
0.0010 27.2491
2 100.0000 77.0536
88.7321 68.7304
43.6988 85.3768
2 100.0000 65.1587
99.9999 65.1586
0.0001 65.1587
2 0.0008 38.8727
0.0004 79.1602
49.8454 38.8727
2 0.0008 93.2241
0.0004 5.9574
99.9992 93.2241
2 99.9990 48.1333
2.9092 33.3807
99.9992 62.8859
2 99.9997 82.0177
0.0001 82.0177
99.9998 1.1821
2 0.0006 27.5251
0.0010 28.9390
0.0004 27.4859
2 99.9993 64.9952
65.0257 64.9952
0.0005 67.9823
2 100.0000 65.1586
0.0001 65.1587
99.9999 65.1586
2 0.0010 42.8072
0.0005 42.8072
0.0005 40.1859
2 99.9994 80.2777
0.0006 63.9431
0.0003 80.2777
2 15.1456 25.1251
3.6691 18.2525
28.3672 18.2525
2 0.0003 58.2450
99.9994 56.4412
0.0005 60.0487
2 96.8013 76.6138
99.9999 76.6138
100.0000 76.6138
2 0.0003 76.5570
99.9993 76.9322
99.9998 8.6418
2 99.4808 76.9326
99.9999 76.9326
100.0000 76.9326
2 0.0004 13.4078
0.0005 8.7149
99.9996 18.1008
2 23.0218 46.5655
88.9705 46.5666
57.5529 64.2656
2 0.0004 63.4523
0.0005 22.0520
99.9991 63.9107
2 0.0005 50.9993
0.0006 93.7903
0.0001 8.2083
2 99.9999 96.4438
0.0008 67.1238
0.0010 96.6540
1 10.0000 50.0000
0.2000 50.0000
2 99.9996 70.6527
0.0007 48.4140
99.9997 92.8915
2 99.9993 78.3960
99.9995 78.3960
0.0010 38.6239
2 0.0003 97.4968
99.9993 97.4968
0.0008 6.3919
2 99.9993 70.8279
99.9999 71.1288
0.0002 33.6530
2 0.0010 93.5138
0.0002 89.9911
100.0000 97.0364
2 99.9998 76.0209
0.0005 89.6753
0.0007 76.0209
2 99.9998 44.9488
0.0006 1.6677
99.9997 44.9488
2 5.0000 99.9000
30.0000 99.8999
20.0000 99.7000
1 49.5377 0.1000
11.1652 64.6831
2 0.0010 48.0519
0.0011 87.2276
99.9994 48.0519
2 99.9998 39.4222
99.9998 60.4803
99.9999 18.3642
2 0.0003 50.2925
99.9990 21.8467
99.9990 50.2925
2 99.9991 75.9066
0.0008 0.1426
77.8617 75.9066
2 0.0010 62.7548
99.9990 90.6517
100.0000 34.8578
2 99.9995 55.1183
0.0008 39.3004
99.9998 55.6150
2 67.0392 10.8966
21.3651 88.3377
32.6707 30.1092
2 100.0000 88.3983
0.0001 88.3983
99.9999 88.3984
2 0.0010 81.1174
99.9993 81.1174
40.5677 82.2813
2 99.9991 82.0734
0.0003 82.3476
0.0007 35.1111
2 99.9996 40.4890
99.9999 40.4890
99.9997 50.6770
2 99.9994 65.5407
99.9993 65.5407
99.9993 58.1812
2 70.0975 99.9000
4.4912 69.2263
88.3043 57.4105
2 0.0001 19.3174
0.0007 19.3610
0.0005 9.8854
1 38.0122 66.1152
11.7995 66.1152
2 99.9992 88.9539
0.0006 41.3946
99.9996 88.9539
2 43.7447 7.5228
13.5581 5.3385
63.9852 7.9857
2 99.9991 42.5074
0.0005 42.4447
99.9995 75.8887
2 99.9991 70.5906
0.0010 70.5906
99.9996 77.3665
2 99.9993 53.9252
99.9998 41.6456
99.9997 54.2252
2 0.0007 1.8135
0.0009 41.3294
0.0011 1.8135
2 0.0008 8.3011
99.9990 8.3011
99.9997 88.5742
2 0.0008 30.0448
0.0002 20.0893
73.4433 30.0446
2 0.0006 49.7207
99.9991 49.6703
0.0001 92.7284
2 99.9997 67.9916
99.9996 67.9916
99.9999 34.6270
2 100.0000 88.3984
0.0001 88.3983
99.9999 88.3984
2 99.9994 40.8287
0.0003 57.4652
99.9995 40.8287
2 99.9999 61.1397
0.0001 61.0503
99.9994 77.3161
2 0.0001 77.2831
0.0001 97.3911
0.0001 57.1751
2 99.9991 94.0088
0.0005 27.0207
0.0007 94.0088
2 0.0005 57.5930
0.0005 88.8385
0.0002 57.5143
2 95.6581 99.9000
18.3798 92.7714
27.4161 99.9000
2 44.3563 20.6699
17.2438 39.0895
10.0063 36.7125
1 82.8492 0.1000
12.6639 0.1000
2 0.0006 10.0955
0.0002 10.0955
37.6345 73.4962
2 57.7729 25.5584
44.3810 25.5584
77.4284 25.5584
2 0.0001 56.5456
83.2412 50.0057
20.5470 63.0855
2 0.0003 8.0429
0.0003 80.5750
0.0003 8.0429
2 0.0009 31.5619
0.0008 31.5619
99.9995 2.6620
2 30.0000 65.4321
0.0001 50.0000
100.0000 99.9000
2 0.0004 81.7099
99.9998 82.5318
0.0011 38.2929
2 0.0003 75.4521
99.9993 10.5027
99.9998 75.4521
2 66.8186 82.3746
30.8534 82.3745
62.9593 80.2333
2 0.0010 35.2666
99.9994 31.9146
99.9995 35.2666
2 0.0007 56.7060
99.9999 56.9156
99.9999 25.5070
2 0.0002 22.4606
0.0007 82.8014
99.9995 22.4606
2 0.0003 34.0159
44.1680 34.0170
99.9993 75.4665
2 0.0001 0.1001
0.0001 0.1000
0.0001 0.1003
1 69.5276 79.1754
35.4021 79.1745
2 99.9997 70.8946
99.9993 2.9495
99.9990 70.8946
2 0.0001 0.1000
0.0001 0.1001
0.0001 0.1002
2 0.0011 15.4552
98.4004 82.2338
0.0003 15.4394
2 99.9998 21.4734
79.3488 21.4734
99.9999 18.1347
2 65.3219 38.8580
60.1437 38.8580
80.9042 38.8580
2 99.9995 28.7422
80.3785 0.1692
99.9999 28.7422
