100
2 99.9996 96.3148
99.9998 96.3148
99.9997 2.9908
1 30.1392 0.1000
36.7205 0.1000
2 99.9993 40.2033
0.0009 21.1293
99.9996 40.2033
2 100.0000 65.1587
0.0001 65.1587
99.9999 65.1586
2 80.7860 1.9513
46.7488 80.4876
21.5120 85.6444
2 100.0000 65.1586
99.9999 65.1586
0.0001 65.1587
2 0.0010 27.1595
99.9998 27.1606
99.9993 90.0041
2 0.0005 48.3655
99.9997 91.4680
99.9994 5.2631
2 0.0002 24.1045
0.0003 24.1045
0.0006 1.4401
2 0.0003 48.0946
0.0006 48.0946
0.0008 29.1829
2 99.9995 97.4716
99.9998 97.9949
0.0005 96.7869
2 0.0002 10.7037
99.9998 10.7037
99.9998 93.5375
2 99.9994 78.8220
34.6345 58.3182
99.9999 99.3257
2 0.0006 87.8195
99.9994 31.6122
100.0000 88.0454
2 43.8548 78.9752
27.7843 78.9746
79.0793 66.4334
2 77.2064 1.0329
99.9999 1.0329
100.0000 1.0329
2 0.0002 26.6958
99.9996 26.6958
0.0002 21.5550
2 0.0001 77.2831
0.0001 97.3911
0.0001 57.1751
2 0.0010 51.1943
0.0009 22.1072
99.9998 51.6547
2 0.0007 84.2799
0.0002 92.3381
99.9996 84.2799
2 0.0002 22.6721
0.0001 14.6049
0.0007 22.8533
2 17.8194 5.4780
0.0009 98.4555
99.9992 5.4772
2 100.0000 75.6127
70.0263 75.6127
27.0364 27.7990
2 99.9999 61.9537
0.0007 61.9537
99.9995 86.3887
2 99.9998 44.9488
0.0006 1.6677
99.9997 44.9488
2 5.0000 99.9000
30.0000 99.8999
20.0000 99.7000
2 99.9993 91.4945
0.0002 91.7261
0.0006 45.3239
2 99.9992 30.6910
0.0009 76.2951
0.0004 30.6910
2 99.9994 6.4590
59.6227 67.2088
99.9997 6.4504
2 41.4405 28.2016
52.5132 28.2016
58.5082 28.2016
2 99.9995 28.7422
80.3785 0.1692
99.9999 28.7422
2 99.9991 18.1236
99.9992 18.1054
0.0009 46.3059
2 100.0000 65.1354
38.2116 42.7116
23.7741 87.5591
2 99.9992 95.0615
0.0006 80.8075
99.9992 95.0615
2 0.0011 38.4360
0.0006 38.7645
99.9996 38.1075
2 99.9990 67.2559
99.9991 67.2559
99.9997 22.4692
2 0.0004 49.0897
99.9991 49.0897
99.9996 27.0406
2 99.9996 44.3898
99.9993 25.4900
81.0183 44.7409
2 99.9993 40.0238
99.9994 74.7931
99.9994 40.0238
2 0.0004 8.0371
0.0006 35.4552
28.8731 8.0371
2 99.9999 30.0324
0.0002 36.7308
0.0004 30.0006
2 100.0000 88.3984
0.0001 88.3983
99.9999 88.3984
2 45.4738 93.2795
65.7655 25.4532
95.7780 25.4532
2 0.0005 30.3127
0.0005 30.3127
99.9998 92.4883
2 99.9996 45.1428
99.9993 13.0812
99.9995 77.2044
2 99.4808 76.9326
99.9999 76.9326
100.0000 76.9326
2 0.0011 67.2449
48.6153 49.9489
0.0002 84.5409
2 99.9990 35.7465
0.0005 35.7465
99.9992 66.1697
2 99.9992 55.6504
99.9999 42.3761
99.9999 68.9247
2 99.9991 4.3625
99.9999 54.9859
99.9990 4.3577
2 99.9994 39.3751
99.9998 11.3893
99.9991 67.3609
2 3.9752 99.9000
83.5079 65.1347
89.2554 99.9000
2 0.0005 29.2718
0.0010 85.0334
0.0002 29.2299
2 99.9995 62.3076
99.9994 59.8234
99.9993 62.3076
2 0.0002 5.5850
99.9995 82.8567
99.9997 5.5787
2 99.9999 57.0450
0.0008 58.0714
99.9995 57.0450
2 99.9997 55.8910
0.0002 41.6993
0.0001 70.0827
2 99.9991 84.7374
0.0011 48.4949
0.0009 84.7374
2 12.0852 37.1810
89.9140 84.2729
36.6494 60.7427
2 0.0007 77.9046
99.9997 46.5085
0.0008 78.5299
2 0.0002 27.7881
0.0008 28.0494
99.9997 24.4777
1 10.0000 50.0000
0.2000 50.0000
2 99.9998 64.0770
0.0005 12.6970
99.9993 64.0770
1 2.4126 99.9000
39.1140 61.9194
2 99.9994 40.7135
99.9991 18.3872
99.9995 40.7862
2 99.9997 59.6901
0.0006 9.0598
0.0004 59.6901
1 74.7624 48.6119
48.7527 48.6119
2 99.9993 62.7693
99.9992 62.7693
91.9808 4.9135
2 30.3518 40.8350
83.4166 93.8545
73.0399 40.8360
2 99.9996 26.6073
99.9997 26.6073
100.0000 44.5088
1 15.4513 59.6713
83.7999 59.6723
2 0.0003 27.4787
0.0003 30.0028
0.0006 24.9547
2 99.9990 57.0748
0.0005 76.5562
99.9992 57.0748
2 0.0001 0.1001
0.0001 0.1003
0.0001 0.1000
2 99.9995 88.7974
0.0003 87.7641
99.9994 88.7969
2 0.0006 81.3184
0.0008 16.7263
99.9995 81.3184
2 0.0009 53.4140
0.0003 61.9264
0.0003 53.4140
2 100.0000 88.3983
99.9999 88.3984
0.0001 88.3983
2 51.5313 23.8412
48.2537 23.8412
48.8624 23.8412
1 59.5814 70.5835
41.4791 82.9733
2 0.0001 32.7827
99.9998 32.7827
0.0009 41.9322
2 0.0001 0.1000
0.0001 0.1001
0.0001 0.1002
2 95.5427 94.7022
96.2628 95.3503
18.8907 91.3996
2 0.0001 78.3499
22.2346 63.1774
14.7109 93.5225
2 99.9991 61.7719
0.0009 38.0246
0.0009 61.7719
2 99.9993 67.4122
99.9992 40.9938
99.9997 67.6792
2 0.0002 4.9585
99.9991 4.9528
0.0009 25.7020
2 74.5323 49.3875
0.0002 49.3875
0.0001 49.3875
2 99.9993 72.5108
0.0002 72.5108
0.0007 28.4565
1 65.8327 51.5496
12.6321 46.0170
2 59.1081 96.8236
85.9566 98.5488
45.9915 93.5993
2 99.9991 56.5552
0.0009 56.5552
99.9994 86.9076
2 0.0006 93.3532
99.9996 93.3532
0.0007 88.7260
2 8.9940 0.1000
52.8118 28.1860
66.6085 20.8021
2 0.0008 90.0562
99.9997 90.0562
99.9993 52.4500
2 0.0010 27.2772
99.9996 27.2406
0.0003 36.7476
2 30.0000 65.4321
0.0001 50.0000
100.0000 99.9000
2 99.9991 84.9887
0.0008 76.7401
99.9997 93.2373
2 75.8793 85.7545
100.0000 85.7545
99.9999 85.7545
2 99.9994 56.2680
39.5178 28.2056
0.0010 56.4012
