100
1 3 13
3 5 10
1 2 5
3 5
1 1 24
5
1 4 29
3 5 10 19
1 2 23
9 16
1 4 20
1 4 6 14
1 1 1
1
1 3 28
5 9 16
1 2 5
2 4
1 2 5
4 5
1 3 19
14 16 18
1 5 5
1 2 3 4 5
1 4 16
1 2 4 8
1 2 24
23 24
1 1 25
2
1 3 14
4 5 13
1 4 28
13 22 24 27
1 1 6
2
1 1 3
1
1 2 25
3 6
1 3 9
2 7 9
1 1 28
24
1 2 29
2 20
1 2 20
12 20
1 2 18
4 9
1 3 23
4 9 16
1 3 24
5 10 17
1 1 2
2
1 1 25
25
1 1 10
5
1 1 28
4
1 5 16
1 2 4 8 16
1 1 1
1
1 3 29
4 8 17
1 1 2
2
1 1 30
1
1 2 2
1 2
1 2 20
16 20
1 2 25
13 22
1 1 2
1
1 1 6
3
1 2 4
3 4
1 1 27
23
1 3 24
17 23 24
1 2 6
5 6
1 1 25
10
1 3 20
2 6 12
1 3 6
1 2 5
1 1 1
1
1 1 8
4
1 2 22
4 9
1 5 30
1 2 4 8 15
1 2 5
4 5
1 4 23
2 4 11 21
1 1 30
19
1 3 23
4 6 11
1 2 15
1 6
1 2 3
1 2
1 2 20
8 15
1 3 19
5 10 16
1 1 1
1
1 1 20
18
1 2 29
3 18
1 2 30
27 30
1 1 7
1
1 3 10
1 5 7
1 1 2
1
1 1 16
2
1 1 29
24
1 1 24
4
1 2 11
2 7
1 1 5
4
1 1 13
9
1 4 10
1 4 9 10
1 1 30
30
1 2 27
7 11
1 1 21
16
1 1 17
2
1 2 28
25 26
1 3 26
1 3 7
1 2 25
10 19
1 1 3
1
1 4 26
1 4 10 20
1 3 12
2 3 4
1 4 25
3 7 12 24
1 5 11
4 6 8 10 11
1 2 27
3 7
1 2 27
5 26
1 1 25
4
1 1 28
24
1 1 30
20
1 2 22
3 9
1 2 19
2 7
1 3 6
3 5 6
1 3 29
5 8 16
1 3 26
8 22 26
1 1 20
5
1 2 3
2 3
1 1 11
8
1 1 29
5
