100
4 3
4 5 6 4
4 2
4 5 6 4
3 3
1 1 1
20 3
12 14 51 88 56 59 98 2 41 32 85 89 86 43 36 32 37 88 29 68
19 2
18 58 74 6 8 76 32 30 1 4 62 93 71 66 15 31 91 13 93
18 3
75 8 8 31 56 31 22 28 76 73 92 85 46 41 59 14 62 95
15 4
25 47 67 3 29 39 41 55 85 89 93 48 91 31 29
3 4
19 43 71
100 4
15 19 18 22 23 31 25 15 79 53 30 93 97 97 82 30 18 81 83 21 75 45 69 47 94 34 93 90 50 70 5 45 35 81 22 62 35 39 89 57 77 34 75 86 90 58 34 53 30 29 5 22 15 81 47 14 7 51 97 49 79 83 11 57 61 87 27 83 51 21 47 61 37 58 18 67 38 17 50 3 91 30 13 3 59 58 2 65 39 65 57 33 58 82 59 57 27 70 66 78
100 3
86 89 71 41 39 72 64 4 98 8 77 23 68 80 32 2 9 17 68 5 56 44 50 65 2 47 20 11 38 84 79 57 95 23 38 95 77 49 47 79 23 18 32 38 1 52 88 62 49 53 16 80 17 14 10 98 95 92 32 22 29 80 59 88 14 80 50 89 82 32 80 51 38 71 55 47 9 68 61 85 77 16 22 29 87 93 11 13 83 53 53 23 59 11 18 50 39 66 40 17
22 4
93 49 60 12 59 91 79 54 23 45 29 45 29 77 73 72 51 9 95 12 39 43
23 3
26 10 43 7 22 76 68 34 80 52 20 13 82 73 16 40 19 71 17 52 16 28 71
1 2
81
15 3
70 4 3 1 39 38 17 51 34 59 72 73 83 77 7
100 3
2 58 82 88 64 61 82 76 4 55 89 35 41 41 92 41 83 67 56 77 64 40 91 71 58 68 56 79 79 32 4 1 71 35 50 10 94 83 38 70 59 55 13 20 61 32 86 65 29 10 76 8 43 13 55 2 17 67 56 22 10 1 80 53 58 56 49 10 53 55 11 37 64 29 35 94 50 43 74 86 8 82 13 11 32 1 73 22 1 76 10 29 40 82 46 5 85 13 98 19
29 4
1 17 75 35 27 19 26 11 6 87 39 53 51 15 62 11 31 95 53 93 72 43 77 23 89 7 19 39 69
26 4
32 42 59 21 63 5 63 48 39 47 91 11 45 33 31 7 79 91 80 4 55 1 87 27 68 45
100 4
2 6 2 11 6 57 51 11 39 23 45 63 13 55 39 22 34 85 75 6 25 37 59 42 27 26 33 25 34 9 25 41 78 37 71 6 75 50 27 71 41 26 94 10 61 53 6 71 81 10 21 37 2 89 83 9 59 75 39 69 43 59 55 86 97 17 29 55 22 71 54 46 47 80 79 15 77 70 61 66 85 82 38 54 7 37 27 61 81 59 90 30 81 26 77 79 34 90 79 49
20 4
43 77 81 10 25 89 30 15 45 53 11 62 63 54 31 58 74 87 65 71
20 3
62 34 77 16 76 49 76 52 34 71 76 10 85 38 65 23 43 82 92 41
3 4
34 94 22
100 4
35 9 69 53 19 41 2 28 67 69 45 29 62 77 87 41 89 47 86 13 19 89 49 81 53 29 45 93 67 46 25 53 46 91 13 39 47 33 37 37 47 29 13 2 90 52 94 85 45 56 9 72 93 87 25 95 86 30 41 50 96 33 70 17 26 1 71 57 65 51 30 54 45 58 74 86 17 5 70 94 45 66 13 37 26 79 1 48 4 82 77 45 97 77 85 68 82 49 38 78
17 3
95 86 44 97 73 47 67 61 58 17 17 43 41 56 95 91 55
100 3
16 95 91 31 20 23 55 1 40 94 6 64 38 40 75 92 96 5 2 96 34 16 17 94 79 54 5 76 16 38 31 19 75 40 22 68 28 86 25 92 7 25 62 94 85 64 40 86 12 73 45 2 1 61 88 61 88 5 23 28 67 19 7 44 72 97 61 7 22 89 67 61 64 67 71 28 74 52 49 88 8 35 22 4 23 82 76 73 64 83 34 88 13 52 87 97 60 3 11 66
100 3
88 12 2 31 2 5 56 18 53 83 65 11 22 11 86 1 79 83 82 2 8 92 43 80 92 89 71 98 10 82 13 98 80 49 38 81 92 74 70 79 44 24 92 31 83 95 79 68 11 50 97 92 83 88 64 60 56 11 80 83 32 19 2 20 7 9 20 14 89 11 25 30 66 44 7 54 23 47 16 89 67 61 97 35 97 38 48 58 44 53 98 2 22 91 28 25 37 95 34 67
100 3
91 22 38 5 38 80 59 64 59 28 83 22 62 26 93 25 37 64 53 95 74 8 77 11 26 35 98 59 14 98 52 74 43 83 41 5 58 70 88 71 16 51 26 55 98 46 67 19 32 13 16 41 38 61 32 82 50 37 79 93 65 6 67 14 21 3 67 17 92 20 2 98 49 43 52 80 25 41 79 11 53 79 89 80 19 97 89 83 49 41 71 39 11 89 59 77 35 14 38 72
1 3
31
2 4
93 53
1 3
32
1 2
82
100 4
6 59 31 19 2 14 59 83 87 66 63 35 43 63 95 66 70 51 59 90 10 27 85 35 71 27 38 26 59 79 75 51 38 54 82 95 36 74 2 55 2 59 75 85 10 94 6 38 77 39 47 55 83 47 26 63 38 22 67 46 71 57 31 27 3 30 31 18 10 43 7 45 39 23 6 77 67 27 52 28 67 59 29 65 63 34 71 22 31 68 15 75 27 29 39 82 82 49 22 54
15 4
81 17 80 3 75 57 79 28 33 63 55 19 68 61 21
15 4
15 29 84 9 3 83 5 81 55 30 63 19 13 73 83
100 3
38 50 43 1 37 85 55 91 55 5 44 7 49 57 19 50 94 46 11 51 2 91 7 34 94 91 94 85 64 7 65 79 7 21 17 43 94 28 37 46 79 1 15 58 46 67 26 82 19 82 81 4 47 53 11 64 13 24 51 89 97 25 10 73 1 5 7 75 46 7 34 96 30 16 31 34 47 39 23 17 6 94 88 35 34 59 89 40 19 91 62 13 89 49 58 97 38 64 89 79
1 4
37
1 4
68
100 3
76 57 73 56 83 89 61 7 7 76 41 22 52 2 69 65 60 67 49 54 61 37 86 70 16 73 97 42 64 44 76 86 16 61 49 58 11 14 22 68 82 97 76 1 1 32 96 46 85 43 2 19 37 1 40 46 10 1 77 52 67 67 29 56 80 56 12 64 13 67 14 20 55 67 86 59 98 12 82 8 20 4 7 28 52 70 85 29 79 43 46 17 31 86 37 13 28 75 37 44
15 4
65 71 23 7 87 55 26 93 1 29 75 37 21 19 1
21 4
59 7 56 85 12 68 65 51 20 33 89 59 77 37 91 25 87 69 27 43 25
100 4
87 29 89 67 55 11 83 91 22 39 83 50 39 51 55 59 38 19 73 19 75 50 35 89 11 71 8 23 95 66 38 66 14 95 31 3 14 43 47 30 79 35 75 83 43 75 31 9 46 31 82 59 46 30 51 86 42 40 27 91 87 62 2 23 93 2 15 35 42 67 22 24 69 31 47 39 94 57 31 51 27 25 55 21 47 54 11 16 87 90 34 38 91 41 63 85 78 23 47 94
100 4
8 59 97 6 53 30 21 46 4 68 40 95 17 14 22 2 28 12 5 95 52 83 82 80 10 67 82 95 33 94 24 60 79 83 45 7 57 14 76 96 60 50 7 75 50 31 34 81 85 58 52 53 11 77 57 9 76 48 10 63 65 37 69 96 95 91 77 20 88 68 27 26 20 78 33 32 54 90 21 87 81 2 24 62 19 79 1 27 82 53 75 60 97 87 2 2 13 35 27 44
16 4
72 91 39 48 11 93 78 91 29 73 29 1 88 85 63 31
23 3
15 2 26 80 48 50 97 77 13 25 64 36 41 98 62 11 17 49 23 47 35 33 89
17 3
45 41 7 8 84 15 28 8 84 95 52 26 58 6 97 89 16
18 3
29 48 10 1 23 86 64 79 14 22 80 25 22 64 47 11 85 79
4 4
47 39 83 27
18 2
16 7 26 62 37 19 14 91 2 36 42 43 76 62 68 50 53 51
25 4
95 65 1 35 40 71 19 16 27 29 17 41 77 80 20 5 29 23 25 81 81 53 84 53 57
16 4
7 87 97 13 93 11 24 65 82 85 79 73 31 59 61 67
100 4
1 18 58 87 30 55 27 52 26 19 97 47 78 93 85 94 26 11 43 44 67 84 10 23 14 39 33 31 95 63 55 67 43 83 47 3 17 37 83 94 39 3 23 41 59 83 27 47 34 67 97 50 57 24 15 22 97 59 51 43 27 83 43 11 42 62 65 58 23 59 35 30 89 89 59 61 3 90 43 7 62 75 37 95 29 38 55 59 31 3 41 59 83 71 47 37 75 55 93 75
14 4
45 11 19 91 75 39 67 53 79 89 25 11 61 63
14 3
7 13 68 92 1 76 43 80 20 23 71 79 94 92
100 4
33 76 47 69 84 69 29 18 49 10 28 66 25 49 54 34 21 81 76 9 62 21 42 92 81 78 70 55 57 13 21 81 41 82 45 14 58 67 39 85 69 17 38 25 9 93 7 37 37 50 25 13 58 1 37 41 18 85 13 45 9 71 65 49 59 88 72 54 38 70 72 37 34 4 73 22 11 61 17 86 26 29 4 29 35 29 80 93 38 50 63 88 58 26 60 17 78 25 79 26
26 4
21 13 85 57 5 41 71 77 55 43 89 31 37 29 25 47 16 89 21 33 63 69 23 7 13 77
21 4
25 71 86 71 73 82 25 39 31 32 62 17 19 30 29 1 69 81 81 5 19
14 4
37 75 87 95 9 33 29 55 35 61 87 49 9 47
19 4
93 71 13 21 94 21 29 71 67 18 45 83 21 17 27 6 33 21 6
22 4
7 87 63 5 63 21 69 19 3 31 63 35 32 95 96 16 25 25 59 3 95 7
11 4
93 45 73 25 63 75 67 17 21 87 71
2 3
25 82
27 4
9 69 9 34 47 41 59 71 83 13 75 95 59 19 11 77 88 83 67 7 45 19 7 9 39 55 91
2 4
23 67
100 4
25 55 36 61 29 62 54 54 10 3 87 15 79 11 50 94 22 71 87 47 1 93 17 59 11 9 91 39 19 47 8 35 93 91 87 26 38 51 19 3 83 59 35 15 3 95 32 15 83 27 3 7 63 15 65 45 15 19 46 29 53 83 54 72 55 18 7 63 91 63 74 74 83 55 17 15 87 80 49 41 59 90 78 67 14 38 70 93 5 10 95 70 15 35 93 72 55 86 61 82
2 4
66 38
17 4
29 53 83 19 65 46 25 91 73 2 80 82 43 47 35 35 17
100 3
49 56 28 10 34 1 4 73 73 94 44 79 10 31 87 91 16 28 3 88 55 64 33 25 76 46 55 25 61 7 19 4 84 7 65 77 71 60 61 24 7 77 28 13 89 46 34 73 85 88 82 79 10 72 7 58 47 28 8 58 16 77 87 51 67 68 10 87 28 63 97 13 76 58 89 79 64 76 46 48 40 31 37 51 16 65 57 14 59 76 16 95 32 31 86 34 29 94 6 64
26 4
37 3 66 81 72 7 67 69 72 81 83 1 5 33 37 9 58 25 13 41 31 73 25 60 58 74
100 3
20 20 52 77 10 13 4 76 16 94 35 23 40 20 30 55 82 85 86 41 7 40 79 1 35 97 16 61 94 61 28 97 97 30 31 50 40 49 65 83 72 54 38 83 34 94 70 71 61 58 22 89 68 68 65 89 19 69 59 22 4 1 4 46 91 52 25 29 94 32 94 78 1 22 73 74 61 4 40 76 91 50 36 40 62 85 37 1 30 79 94 68 22 19 94 85 22 44 36 7
24 4
50 54 91 43 37 37 65 53 27 17 82 23 32 17 29 80 60 15 17 3 39 31 35 68
23 4
67 9 27 56 45 81 65 8 15 33 87 13 29 23 65 61 57 9 41 69 28 57 94
1 4
35
100 2
99 53 56 1 65 36 74 42 28 5 20 86 12 74 33 53 62 81 18 14 17 34 36 60 53 89 96 26 37 67 4 92 94 43 24 34 85 20 20 83 15 85 66 75 57 41 49 87 92 31 88 47 55 19 49 9 46 42 53 7 45 62 80 63 94 87 94 74 6 38 39 8 33 68 31 82 67 45 89 67 12 56 22 33 41 64 97 23 62 60 39 97 1 80 22 85 47 26 84 28
100 3
47 49 30 44 77 56 77 92 29 68 67 34 76 11 59 30 86 67 37 29 43 56 4 49 48 58 39 87 1 27 60 56 1 14 43 87 1 19 74 58 59 89 20 67 7 48 35 54 28 25 36 53 2 29 70 92 20 26 53 53 58 74 68 50 95 62 46 89 62 2 95 35 91 42 1 26 8 71 35 26 38 25 43 24 56 77 20 44 50 87 5 92 44 74 53 58 14 71 71 31
100 3
19 28 89 5 43 35 11 74 47 70 55 94 43 40 65 16 71 85 94 25 4 61 91 35 91 88 34 65 22 97 34 10 92 16 16 64 53 97 50 47 40 53 65 4 56 62 17 41 25 71 74 8 80 47 86 65 26 19 34 46 61 40 62 10 29 65 79 25 80 64 79 80 52 31 59 95 22 11 95 2 19 31 20 14 62 53 61 95 53 59 85 2 17 92 80 37 46 22 67 62
16 4
11 41 59 63 27 79 15 49 73 26 15 75 9 17 23 87
12 4
19 57 97 25 1 19 75 27 93 91 85 6
2 3
38 38
100 3
64 31 80 28 43 62 22 91 94 12 68 5 67 74 13 76 59 1 94 37 39 44 1 28 98 87 16 25 2 25 32 55 10 94 19 53 59 6 55 67 22 61 64 28 2 97 97 59 62 4 40 1 17 16 73 37 7 17 13 76 73 98 22 19 43 46 67 61 83 23 41 43 31 3 58 35 65 43 73 13 70 57 76 73 79 65 20 26 91 16 72 97 5 36 22 23 59 81 37 82
19 4
52 68 71 16 26 83 51 81 21 73 91 10 55 57 45 95 13 70 82
17 4
37 97 7 75 83 19 57 35 69 75 1 4 31 67 79 73 15
30 4
15 16 83 33 67 93 45 33 21 60 74 57 52 61 91 85 53 13 81 7 40 86 35 17 18 97 81 28 90 78
100 4
74 54 30 95 13 13 63 46 38 31 27 83 75 73 27 18 7 21 47 67 59 25 46 10 48 87 2 41 11 67 47 96 82 15 27 67 27 63 12 3 55 94 14 79 19 71 30 31 64 54 83 50 43 38 2 26 7 39 70 47 39 87 35 27 63 77 59 59 6 82 34 91 28 26 91 49 39 60 67 43 15 6 63 67 90 30 13 39 19 42 37 38 63 39 94 27 75 91 17 43
2 2
93 55
1 3
93
1 4
26
100 3
75 95 32 50 41 37 34 98 86 74 44 46 82 14 13 22 53 37 77 79 86 79 29 35 98 83 65 92 35 8 53 41 2 73 2 35 73 32 55 52 62 38 68 89 72 88 74 26 68 17 37 91 47 32 80 88 66 91 61 13 98 23 26 69 80 86 25 61 62 23 64 11 2 20 85 86 89 20 16 14 3 85 67 50 53 92 23 83 89 50 56 74 36 79 86 5 86 23 68 8
100 4
33 21 25 92 5 13 37 69 2 10 78 70 93 1 80 73 41 87 13 58 53 53 25 9 12 21 5 2 67 2 9 32 41 73 25 54 44 54 27 43 37 53 33 72 13 39 69 9 13 33 30 35 50 82 35 53 58 62 54 74 46 53 62 49 13 18 37 61 53 33 62 25 1 69 11 84 59 90 25 42 48 3 71 97 90 58 13 85 56 69 24 29 97 17 45 29 93 70 13 77
18 4
41 79 28 83 47 67 73 13 11 25 38 33 65 81 33 41 23 97
15 3
79 93 1 37 52 61 46 94 83 58 71 53 7 8 98
15 4
15 97 77 79 35 87 77 23 19 91 35 53 31 1 71
14 4
96 97 77 87 51 97 11 11 47 21 81 1 41 47
100 3
57 86 71 19 95 44 19 63 32 10 72 16 46 98 40 77 23 11 14 82 94 74 47 34 44 78 82 58 23 98 74 44 76 98 89 55 31 70 23 65 22 92 95 71 18 70 38 68 85 77 5 11 20 42 26 50 73 50 35 86 64 6 22 38 58 56 2 49 24 90 89 44 5 68 98 47 95 53 23 94 52 47 74 61 3 47 68 98 37 17 59 95 95 80 90 20 47 8 92 65
17 4
2 85 63 17 71 41 2 95 90 39 37 74 46 51 63 13 30
100 3
10 53 8 48 37 32 82 30 90 92 26 80 84 75 4 65 85 55 19 31 84 27 73 4 3 43 15 53 38 71 45 40 8 27 80 12 42 29 85 96 19 22 38 14 25 32 33 57 86 19 5 47 51 74 19 16 20 96 68 90 73 48 56 46 50 52 52 72 8 58 70 81 41 87 25 73 66 76 15 96 19 20 15 42 79 6 90 66 7 59 58 26 4 75 82 56 47 5 86 33
11 3
43 87 58 74 92 43 58 14 43 5 29
3 3
77 59 83
19 4
17 65 62 21 10 91 51 9 15 77 13 39 43 54 82 9 15 11 72
100 4
69 91 92 85 69 49 3 81 89 89 6 85 86 73 25 66 26 50 9 61 45 39 29 21 37 17 69 45 13 9 64 76 67 21 5 54 61 27 93 42 17 93 2 34 85 62 49 29 25 81 70 26 49 18 37 73 10 13 90 42 9 81 50 34 90 63 13 27 25 77 54 89 46 41 86 58 37 70 59 84 53 31 81 11 65 21 26 27 45 83 65 71 77 34 41 66 29 7 77 18
15 4
95 3 49 7 31 49 63 17 39 59 42 29 79 79 81
17 4
23 3 58 17 15 71 47 17 33 91 35 9 69 63 22 18 63
