100
4 3
4 5 6 4
4 2
4 5 6 4
3 3
1 1 1
100 3
31 17 92 23 44 30 97 41 27 14 47 26 25 97 80 90 34 38 20 93 73 28 77 47 56 41 41 49 23 6 5 39 8 34 56 65 46 86 74 13 85 8 92 40 80 41 53 13 35 81 68 62 62 92 47 95 31 54 67 65 22 47 89 86 97 98 15 54 20 74 70 80 68 75 32 19 82 45 43 85 93 14 49 81 73 5 46 74 35 59 8 14 91 71 81 14 30 38 98 53
17 2
14 51 65 90 45 58 85 20 86 18 87 88 53 12 65 4 26
100 3
22 22 32 24 29 97 25 17 76 48 37 40 20 52 16 67 7 35 50 22 82 46 95 7 53 28 41 1 10 88 3 55 79 89 22 49 61 40 60 37 43 55 52 55 19 41 92 55 1 81 27 55 64 58 77 73 22 5 64 31 95 17 86 62 34 67 44 25 52 38 88 79 84 97 34 14 93 21 67 93 63 5 4 22 37 52 76 53 18 79 63 91 61 36 61 14 61 37 55 83
100 3
2 60 45 16 10 10 16 61 21 71 91 98 32 76 28 11 89 59 31 69 31 91 95 41 85 71 50 8 11 85 87 95 70 85 23 32 56 48 67 68 28 14 14 31 26 61 44 82 68 71 53 31 87 40 98 56 49 17 66 92 28 83 23 4 89 60 16 97 28 18 8 60 66 97 14 62 25 33 94 61 17 89 82 20 50 37 6 53 97 93 39 21 4 56 70 70 46 62 43 97
17 3
28 14 85 43 26 88 65 74 37 88 50 35 82 53 37 86 28
100 3
62 84 63 93 68 20 38 62 66 10 89 92 26 32 32 62 82 87 47 2 34 43 50 89 11 38 89 29 20 15 26 43 52 66 82 64 82 14 27 45 80 58 51 4 89 39 76 51 53 85 98 32 2 20 92 59 62 56 34 84 46 52 77 5 7 73 34 62 15 68 44 30 45 63 95 52 39 97 70 11 44 26 95 32 83 9 63 53 35 11 71 92 9 16 16 92 5 76 94 5
2 3
61 13
100 3
33 87 16 22 40 43 97 49 4 55 73 65 76 98 34 67 19 46 55 71 95 4 46 74 37 24 52 70 44 16 91 28 31 47 97 86 45 79 76 53 36 58 35 25 1 19 28 28 61 11 40 22 13 34 40 78 79 83 11 18 16 76 76 14 59 61 10 23 15 97 36 34 98 56 8 34 28 79 31 16 52 11 21 46 88 86 23 62 42 58 13 75 63 53 5 16 63 51 42 64
100 3
37 7 23 55 67 91 41 19 43 22 37 7 74 20 87 64 10 49 95 76 46 40 95 13 8 51 7 4 52 61 76 96 94 85 7 41 95 58 10 37 37 16 83 91 70 85 37 55 87 94 91 43 31 60 9 16 88 2 85 50 77 79 98 69 19 61 79 11 32 33 7 19 13 1 61 7 75 2 67 88 23 88 58 42 68 30 13 76 83 55 14 31 14 91 83 6 76 1 19 80
100 3
61 56 11 83 35 83 55 38 11 11 27 28 22 47 41 86 78 41 26 53 85 22 16 53 41 50 20 76 41 17 4 76 28 11 80 70 29 72 10 49 41 16 77 32 91 8 71 9 49 80 80 98 5 21 32 50 10 59 84 7 17 73 92 76 62 50 56 77 10 86 89 98 86 67 38 46 25 71 5 83 40 98 82 31 65 25 52 56 26 82 68 11 63 34 20 80 98 77 68 86
100 3
12 67 35 44 35 58 77 26 17 56 94 71 80 17 68 14 5 8 23 17 26 68 45 13 75 37 98 2 1 16 95 31 11 35 68 77 64 31 10 20 79 48 56 13 20 73 19 87 80 30 43 35 28 32 55 64 46 68 1 62 20 26 11 28 32 50 18 42 86 83 71 91 29 47 74 52 14 82 56 71 4 86 76 8 2 98 35 26 38 38 91 11 98 66 40 62 80 80 20 46
100 3
86 61 41 54 44 3 52 88 53 58 14 89 70 70 97 83 82 34 89 9 40 97 19 48 82 18 24 26 1 7 40 20 1 31 56 40 73 62 24 4 38 7 52 16 57 26 37 67 98 77 64 31 31 75 60 82 94 97 37 63 25 60 27 98 79 6 20 85 5 40 95 34 85 83 98 64 20 10 41 59 47 82 43 52 26 77 14 95 4 37 17 40 62 55 53 92 40 92 85 77
23 3
4 2 32 13 74 91 20 94 19 97 16 11 91 85 64 34 77 85 17 91 13 98 22
100 3
53 80 88 32 50 2 35 98 23 94 35 40 5 34 50 59 41 98 92 43 82 80 71 32 90 53 89 38 38 68 86 41 59 23 59 13 28 35 15 20 67 20 77 92 10 56 8 86 36 47 28 78 83 67 70 77 46 8 35 92 62 14 51 38 8 50 82 87 71 77 12 26 5 71 39 31 80 72 41 68 2 68 2 98 35 31 44 26 64 34 52 22 84 32 42 38 60 86 94 20
100 3
11 29 87 2 75 41 10 91 50 83 79 35 59 34 34 28 68 50 95 82 9 32 80 35 35 89 55 35 35 47 68 71 98 38 17 65 43 32 68 95 35 64 51 5 20 31 53 50 47 25 41 74 73 18 19 95 89 68 18 38 38 46 86 37 50 16 54 29 44 11 2 14 23 2 41 79 97 4 95 32 97 74 32 74 43 89 80 74 41 87 56 1 79 17 87 46 11 29 92 92
100 3
37 79 67 40 16 46 10 49 34 70 13 91 34 77 46 24 44 98 38 28 46 11 32 49 23 14 58 31 16 37 85 31 76 45 71 89 61 52 23 49 40 68 25 32 7 4 56 40 70 70 62 13 35 37 91 70 25 52 8 43 25 16 34 49 50 91 76 61 52 39 58 60 9 77 86 6 59 70 1 76 16 46 86 64 62 14 16 52 88 72 55 44 85 91 97 64 22 38 9 41
100 3
11 22 61 79 49 88 38 22 68 27 43 66 59 10 70 97 75 29 13 4 89 15 82 94 53 40 40 88 93 25 34 28 34 89 70 80 58 14 82 1 91 2 36 33 52 10 59 96 7 16 87 44 26 94 94 56 23 69 8 34 1 9 40 76 22 10 11 47 79 28 94 1 2 97 50 34 28 26 37 89 97 1 72 77 10 10 86 2 37 92 91 61 71 58 43 37 46 82 67 25
100 3
47 85 57 94 68 9 38 8 2 80 15 62 52 50 47 85 29 38 34 59 38 4 32 64 88 5 65 35 35 98 86 43 73 96 56 91 53 2 23 23 92 74 43 74 50 98 85 8 85 47 73 59 65 38 95 23 47 12 62 29 25 18 53 92 63 28 74 25 19 2 60 83 86 49 20 80 36 98 2 86 77 47 75 38 11 40 59 10 93 94 23 60 52 28 89 89 94 77 41 5
100 3
35 4 44 91 91 85 51 29 56 86 71 94 67 97 64 59 46 14 7 50 29 20 71 2 40 10 47 93 66 21 2 35 16 47 17 86 60 65 29 68 86 44 44 62 98 63 83 29 75 65 38 78 74 38 16 64 50 32 41 11 64 2 72 17 34 47 10 56 67 47 28 5 12 38 83 92 46 89 50 97 23 80 29 11 47 52 84 11 59 98 41 44 27 16 35 50 62 62 11 2
18 2
13 35 50 84 26 89 30 7 42 87 21 40 86 42 57 87 24 70
1 3
42
100 3
8 71 89 82 47 67 7 26 94 31 35 92 53 2 17 34 97 50 20 4 40 31 55 76 73 49 67 35 77 34 31 59 11 94 68 56 76 31 20 10 65 26 17 53 55 50 26 5 58 31 86 83 80 10 34 74 59 62 71 19 85 62 89 52 46 68 14 16 83 13 58 49 31 11 25 73 76 62 95 61 64 7 68 94 37 46 40 31 98 62 34 40 1 47 56 44 59 35 83 76
100 3
95 15 10 86 43 92 12 91 17 86 5 95 78 2 33 40 71 19 35 81 1 95 74 70 25 20 50 95 62 2 70 33 37 29 47 65 83 26 20 79 60 59 35 62 97 20 62 35 77 92 52 98 14 17 38 80 17 66 47 36 26 79 92 82 53 72 10 35 45 68 93 68 67 62 14 77 92 20 83 23 53 11 83 92 44 86 53 28 77 80 2 50 62 58 29 29 20 32 8 74
16 3
9 77 13 14 22 46 10 77 23 28 61 51 18 9 2 48
100 3
22 67 46 19 67 59 70 70 94 2 63 55 30 61 19 46 19 2 88 13 6 45 17 46 5 85 17 52 42 40 40 49 85 10 52 79 97 66 55 91 51 53 91 13 1 76 88 14 41 74 28 97 91 54 7 16 34 52 37 46 97 49 10 82 74 82 28 31 10 61 20 82 49 43 28 43 73 2 37 98 46 19 9 68 82 41 32 88 76 28 52 52 79 46 19 22 73 70 72 39
100 3
20 65 97 89 61 23 26 60 5 13 11 53 13 48 38 36 18 4 64 84 30 95 17 20 38 14 40 49 89 35 11 9 77 13 8 3 53 31 7 52 52 38 41 1 79 23 44 89 38 14 14 87 28 98 9 65 63 32 62 27 56 38 68 8 56 13 10 38 86 17 91 95 77 35 59 87 33 59 32 82 47 19 38 62 98 55 28 88 98 56 70 18 37 11 62 39 68 23 19 15
16 3
85 9 50 33 25 80 94 65 79 17 52 77 44 82 71 43
100 3
35 7 59 17 5 35 71 95 55 89 44 86 5 16 44 82 32 17 11 43 94 65 2 53 26 59 71 92 52 93 40 98 5 50 65 26 47 43 39 32 28 43 89 77 1 40 58 13 80 17 83 98 8 11 20 94 29 22 80 20 81 16 70 11 79 72 41 92 17 48 49 26 20 92 35 71 44 38 59 23 70 54 80 34 77 34 4 17 45 18 32 94 89 95 92 16 22 73 7 32
100 3
62 77 45 68 26 67 89 29 17 57 82 20 68 26 20 40 33 71 17 83 80 2 74 85 47 92 18 32 93 56 20 42 3 98 3 48 20 89 67 76 57 59 97 14 71 8 96 26 73 5 85 20 2 86 7 14 80 46 76 65 73 44 36 28 56 17 17 74 89 68 19 92 82 14 35 40 28 29 23 14 95 34 62 65 19 5 80 31 45 2 77 45 53 7 80 59 25 29 32 71
100 3
4 64 67 70 25 43 58 94 16 52 6 34 9 19 57 24 13 91 26 22 91 61 46 96 58 3 70 33 49 83 34 67 6 88 13 40 60 19 14 10 12 61 58 82 10 32 59 31 44 25 43 25 23 44 58 49 7 34 19 56 58 35 36 91 88 52 23 4 61 57 12 10 34 10 37 49 49 91 56 41 67 94 68 67 73 53 40 7 10 22 70 43 13 41 64 14 7 98 52 79
100 3
25 47 59 76 39 8 61 19 22 17 53 34 41 17 22 82 37 57 49 8 46 14 83 61 46 83 50 44 16 8 48 17 79 17 9 95 19 43 46 63 38 69 26 65 23 85 86 7 91 50 8 67 95 50 93 38 76 79 29 28 41 31 25 38 29 11 74 80 65 4 74 73 97 32 26 60 57 38 9 8 31 25 36 17 63 77 2 31 41 17 83 20 8 83 35 44 86 49 44 29
100 3
43 69 46 47 37 43 13 44 8 53 53 54 92 95 96 14 76 16 61 89 88 49 53 13 92 50 31 13 1 47 39 52 61 95 25 92 61 61 4 1 11 76 81 40 31 31 85 48 25 40 16 9 7 29 25 78 67 8 34 87 22 16 61 91 10 55 58 53 94 98 52 11 11 50 85 6 82 41 66 1 76 35 67 73 94 80 80 52 55 32 54 43 47 1 19 44 45 91 70 28
100 3
93 34 1 55 52 85 88 4 49 44 13 76 26 70 88 46 88 4 79 85 35 82 77 17 29 29 49 31 46 69 43 2 92 44 22 98 40 14 53 40 82 97 16 76 50 37 34 31 5 47 17 1 20 80 37 55 34 64 40 16 58 25 97 1 13 77 76 76 89 14 73 14 54 61 97 1 61 80 34 72 17 61 94 14 91 65 52 73 22 4 1 43 43 14 10 13 84 26 20 79
100 3
26 32 29 20 64 84 23 46 98 91 7 17 52 57 66 11 53 50 73 5 59 73 2 35 74 83 11 15 89 65 36 61 95 17 66 13 12 54 70 95 10 80 71 53 34 24 97 93 81 69 23 62 17 97 74 32 53 3 68 8 35 86 53 76 89 89 71 65 20 59 29 86 14 80 31 17 28 88 31 62 68 98 86 18 10 46 23 93 41 41 5 14 32 14 67 25 1 98 86 17
100 3
58 63 64 72 29 86 5 65 11 98 82 55 23 56 86 52 92 83 74 52 80 72 28 74 46 81 70 28 95 65 47 95 80 95 22 74 64 47 74 18 92 60 95 97 11 35 23 80 29 2 77 80 50 35 5 92 47 5 59 19 53 47 59 53 59 29 26 43 14 10 67 80 40 88 19 2 88 29 77 29 23 69 40 44 19 68 47 44 52 50 95 47 47 77 95 44 19 57 4 71
100 3
89 81 86 96 56 45 30 81 2 95 23 41 26 51 89 46 35 95 28 18 28 59 22 97 62 44 98 68 65 14 35 71 76 68 97 48 77 17 76 95 53 21 84 65 83 52 2 2 29 94 74 98 74 62 20 62 96 95 98 56 27 49 92 60 6 85 77 61 12 18 26 2 85 90 87 72 76 98 53 26 2 26 81 19 64 10 26 36 85 44 56 56 17 38 55 26 54 82 14 20
100 3
7 20 89 58 56 62 13 22 5 28 20 44 74 23 37 28 86 50 83 42 83 81 38 77 7 95 38 17 38 8 79 82 5 89 10 20 54 2 2 15 22 44 20 21 41 54 91 68 49 95 68 83 50 62 86 83 65 26 65 62 53 92 98 19 65 64 95 64 40 56 89 13 50 55 38 57 47 37 26 14 79 46 61 58 8 58 42 8 21 46 18 26 65 87 5 83 77 80 18 47
100 3
73 62 28 97 56 83 32 79 2 65 98 29 98 5 44 83 30 85 32 64 88 98 20 51 3 50 88 49 25 77 5 67 77 59 39 78 19 92 45 45 65 83 2 32 5 48 56 15 7 70 22 58 31 63 80 98 59 56 38 44 32 65 95 64 82 59 8 70 56 20 50 86 66 55 25 25 62 57 74 38 10 98 83 68 34 23 23 23 83 35 2 87 97 71 43 32 56 82 5 29
16 3
5 46 35 35 49 82 50 85 80 71 97 92 58 67 47 42
1 2
18
100 3
35 49 22 13 46 37 85 68 34 19 88 79 85 80 13 94 1 25 35 82 7 94 35 92 50 31 89 14 1 38 8 4 37 92 50 52 2 8 4 10 56 95 43 85 38 14 40 46 58 59 94 73 59 13 64 77 34 86 83 59 43 97 80 47 59 50 22 35 74 80 55 88 67 29 34 98 95 7 64 59 20 76 17 38 7 79 80 11 31 49 50 74 7 73 79 58 94 53 41 7
100 3
67 64 91 13 43 85 43 35 53 52 29 52 83 56 70 69 76 51 31 74 52 11 41 95 34 3 89 70 1 61 72 25 58 47 89 90 93 16 79 83 13 65 74 94 29 3 86 16 76 53 58 49 17 61 86 85 74 34 76 55 28 97 40 90 70 10 13 76 2 50 73 61 22 73 28 40 23 80 71 41 23 43 98 70 34 52 32 65 50 11 28 28 11 92 29 30 33 94 25 97
100 3
52 88 24 65 2 73 94 67 95 32 18 28 95 85 20 44 17 98 51 86 61 34 46 64 77 44 85 41 17 97 44 47 75 62 58 35 83 25 71 68 5 3 80 14 47 47 87 89 38 13 82 8 9 5 5 89 74 14 40 35 49 19 49 98 17 47 26 14 5 56 71 35 39 5 6 44 28 92 1 53 70 95 40 39 47 96 47 47 25 43 34 46 5 46 49 2 34 77 29 63
100 3
49 85 7 35 61 52 93 94 61 53 55 50 58 70 85 73 7 95 61 79 72 52 1 42 82 76 55 27 19 76 67 77 41 17 7 22 16 44 13 25 64 19 94 29 64 33 76 39 73 22 36 1 71 13 32 10 82 13 58 88 55 31 34 92 56 79 10 48 94 28 42 37 37 44 24 92 22 36 85 28 92 19 49 61 1 29 4 10 58 88 13 26 34 43 2 49 92 94 70 7
100 3
82 16 70 44 68 85 72 70 70 62 83 94 82 49 70 32 85 67 67 62 91 34 56 40 4 22 70 26 96 73 49 10 6 82 76 46 94 23 45 91 52 60 1 47 22 2 10 76 18 78 2 35 26 70 58 10 20 14 77 31 26 4 58 88 47 19 77 16 73 19 49 40 34 73 47 62 7 56 76 17 93 94 29 95 22 28 34 76 70 46 93 97 52 25 96 93 46 43 20 61
1 3
86
100 3
46 34 12 96 77 4 62 32 57 56 92 2 70 66 92 17 29 34 89 59 92 67 53 77 98 65 6 74 19 71 49 46 59 32 8 1 70 11 29 43 62 71 2 77 11 94 11 20 73 32 41 56 71 88 62 74 37 72 41 28 85 89 50 45 2 32 26 32 92 97 11 71 59 53 91 83 67 76 86 29 94 83 80 45 29 38 41 56 13 19 50 71 1 32 92 32 41 50 19 68
100 3
11 20 92 57 92 43 70 7 31 20 3 84 17 44 83 2 80 20 65 59 84 30 2 62 6 47 17 50 92 24 42 11 46 95 59 83 38 92 7 32 64 52 56 53 16 58 78 62 86 95 91 21 77 15 28 52 38 61 47 74 90 67 56 98 80 67 38 77 34 32 59 22 95 25 51 28 92 82 2 75 17 47 77 14 56 71 92 20 38 68 8 31 50 25 62 5 37 5 74 65
1 2
7
100 3
94 94 95 25 62 16 76 28 91 82 97 68 25 51 46 82 61 63 40 52 4 85 90 58 2 64 8 4 85 49 86 68 58 1 21 47 88 65 76 61 86 22 18 79 79 66 37 28 37 65 71 15 40 79 90 89 25 18 75 55 37 37 48 86 76 82 49 87 9 14 89 58 20 2 16 88 32 55 36 73 22 28 10 43 21 79 28 22 43 16 69 83 68 94 31 19 16 64 83 58
100 3
56 20 67 89 86 89 58 23 40 58 47 92 58 74 47 71 56 62 3 70 91 17 7 38 5 44 4 79 17 26 32 22 2 83 83 34 97 89 90 2 29 23 38 77 7 46 55 57 17 59 71 10 74 53 71 41 59 69 37 25 16 29 58 26 92 53 77 81 14 91 94 76 41 60 85 5 62 70 89 77 80 8 29 53 71 47 3 55 44 16 74 62 84 58 47 6 11 11 5 3
100 3
2 45 56 43 79 31 17 37 10 25 51 63 28 83 70 43 55 16 70 61 53 82 88 58 29 7 1 31 74 73 47 54 97 44 34 4 45 55 13 37 25 20 74 79 16 40 1 86 66 75 61 13 22 68 94 53 22 71 65 64 83 94 86 79 19 32 34 76 33 47 23 46 64 46 35 8 58 61 65 73 28 49 31 22 45 16 4 62 40 31 37 55 19 52 65 4 65 65 22 37
28 3
29 65 71 86 97 43 57 71 19 13 56 29 23 86 96 86 44 62 59 55 68 43 17 14 26 10 70 81
3 3
44 80 29
2 2
51 69
100 3
92 66 32 83 37 86 62 59 77 62 11 91 65 14 95 86 73 52 44 41 71 43 52 20 32 82 15 20 28 84 56 59 63 86 53 32 23 37 2 14 8 31 80 98 77 5 14 95 62 80 73 16 34 64 38 16 32 43 35 96 5 61 94 65 21 84 59 52 2 29 40 47 65 35 41 41 26 5 44 8 86 59 97 9 38 95 1 77 7 50 28 53 61 2 2 7 97 73 76 77
100 3
25 16 97 4 14 35 59 52 73 23 64 52 22 33 11 52 66 19 10 67 85 29 79 61 55 31 58 4 62 28 62 73 61 59 10 2 31 25 22 31 27 94 64 42 41 94 88 24 58 13 97 82 40 94 70 91 51 43 76 25 13 65 52 39 43 93 35 67 97 1 49 85 49 31 40 23 80 96 31 97 13 73 61 35 52 85 85 85 58 41 22 43 28 19 35 19 52 81 55 2
16 3
58 50 57 2 50 1 14 79 20 22 97 85 53 29 47 32
100 3
14 85 44 59 56 50 83 1 64 11 65 21 48 63 62 1 64 23 71 26 65 49 17 60 62 54 5 70 73 11 11 98 13 86 19 40 37 98 32 83 68 8 64 86 29 25 4 68 90 79 29 53 62 73 92 76 47 14 38 17 91 65 30 23 29 14 70 64 92 88 95 25 59 65 83 17 35 35 32 14 31 51 50 57 37 95 61 63 97 56 86 14 88 34 50 55 25 8 14 56
100 3
23 44 14 91 40 66 78 13 83 20 22 97 83 7 8 33 6 16 7 26 46 7 67 1 92 72 5 34 40 40 23 19 91 31 52 28 4 70 75 25 44 65 58 61 55 7 48 59 58 26 59 71 19 28 32 81 71 6 9 35 25 67 91 30 88 34 84 84 80 79 94 58 55 70 6 89 43 10 34 10 1 73 64 46 98 44 94 76 1 72 56 3 7 38 39 97 34 62 58 97
100 3
53 81 62 50 41 2 73 27 68 52 73 14 80 19 11 59 64 23 28 56 23 17 92 37 6 20 13 83 37 89 53 95 34 68 49 95 26 43 60 76 80 46 89 27 62 54 32 4 28 62 7 95 71 65 52 44 29 31 77 32 20 44 86 97 53 8 6 47 13 83 62 21 83 98 23 62 65 23 10 88 36 82 29 50 68 9 80 29 85 65 84 97 32 26 68 71 89 16 50 50
100 3
37 44 82 82 91 74 55 52 88 4 27 83 94 85 42 96 34 13 41 94 60 25 76 22 16 10 1 72 67 4 31 89 88 73 62 39 94 97 48 31 35 70 79 94 90 61 25 1 2 85 79 31 28 52 64 71 40 89 68 23 74 25 46 89 86 97 4 28 55 64 25 59 7 55 78 28 43 67 62 78 40 42 49 58 61 15 28 13 91 61 76 1 31 98 88 22 38 40 55 97
100 3
80 8 17 14 50 17 98 76 79 21 80 51 17 29 26 41 68 44 50 56 20 65 98 92 85 41 68 5 80 91 27 37 74 17 65 83 58 23 62 40 19 41 70 17 56 53 91 80 17 70 86 62 29 5 38 67 2 62 8 28 57 76 95 98 30 11 25 47 70 62 64 1 74 14 40 68 29 4 29 64 98 82 52 83 26 88 95 83 83 62 41 44 34 44 11 96 61 10 96 52
2 3
74 89
100 3
26 48 8 41 41 26 32 98 47 97 95 69 47 86 2 56 29 8 80 53 61 30 37 49 20 26 38 32 38 89 85 49 90 68 32 20 83 17 8 86 20 44 5 17 63 65 76 75 92 80 45 42 53 47 4 86 91 62 89 5 19 83 97 53 20 92 44 98 26 5 14 7 86 62 47 65 95 50 31 76 29 40 6 83 86 92 65 45 95 86 46 76 17 5 90 28 22 11 38 82
100 3
80 72 25 31 26 76 85 31 76 56 26 46 13 2 16 88 73 61 18 98 85 89 72 97 94 61 79 57 64 37 20 48 37 49 77 46 52 97 79 13 53 26 95 7 94 65 49 32 55 15 10 5 25 82 1 28 56 43 95 7 43 1 13 96 32 10 46 5 82 71 2 64 49 29 31 55 44 26 29 1 82 61 25 16 67 98 95 80 85 4 67 79 10 34 41 80 84 82 6 85
100 3
86 77 36 26 98 91 37 74 25 98 3 25 67 44 17 29 58 49 19 80 26 4 53 86 22 17 86 44 95 62 92 14 83 68 23 17 61 89 62 77 32 53 95 8 46 74 58 86 53 5 42 22 98 37 82 28 3 22 68 65 20 65 80 38 77 80 83 59 68 27 59 35 30 4 86 74 25 20 17 70 20 14 63 98 37 85 38 11 11 86 29 87 63 71 60 80 71 5 83 80
100 3
1 55 61 10 40 11 25 11 91 52 75 67 88 4 58 91 13 55 22 13 59 88 68 83 29 16 62 74 81 83 10 4 25 73 16 73 76 97 70 10 79 5 44 43 13 19 10 95 94 5 76 29 32 92 88 89 7 64 25 70 5 22 55 58 25 12 76 17 79 74 29 97 65 8 70 37 77 31 4 91 29 10 98 22 37 11 69 89 88 8 40 31 56 94 58 98 95 82 46 43
100 3
31 94 59 94 25 11 40 65 16 68 22 13 10 68 34 16 28 82 68 28 52 37 65 1 14 38 31 96 31 30 22 87 16 77 52 42 49 50 67 35 84 46 94 10 8 57 52 44 58 62 75 13 88 82 16 70 97 71 64 27 83 47 61 43 1 88 20 71 55 52 67 37 1 25 95 34 58 70 1 15 94 88 85 46 35 40 43 38 67 82 37 53 81 7 56 15 10 4 62 73
100 3
74 1 35 56 89 1 32 71 75 92 11 56 14 81 47 37 29 95 68 13 53 49 44 95 22 92 53 40 2 2 62 63 50 23 41 55 39 83 11 26 62 29 62 41 73 11 27 14 92 1 20 64 76 38 92 43 93 7 56 76 28 7 16 71 5 44 95 47 83 65 68 17 46 67 27 1 55 85 2 77 84 2 43 70 92 96 12 70 14 62 50 49 71 77 89 53 56 85 42 32
100 3
64 45 40 96 5 50 62 22 62 27 83 28 32 58 69 95 32 94 82 4 20 8 14 98 50 76 52 97 61 90 76 20 65 38 29 17 5 75 32 41 80 58 5 47 23 51 65 25 17 61 35 23 29 91 73 29 98 98 60 67 46 89 74 83 13 19 52 67 38 68 5 35 8 49 53 42 80 47 13 5 80 58 4 56 13 49 86 8 95 47 36 22 17 80 68 31 23 26 16 74
27 3
88 7 22 13 71 88 58 41 55 67 88 95 52 17 88 4 89 69 66 38 72 67 66 47 85 58 86
100 3
67 46 14 64 73 79 20 66 1 31 97 16 82 63 79 49 43 91 46 6 32 25 88 30 10 55 64 79 84 54 49 16 70 42 55 25 11 75 38 20 85 68 40 34 43 46 31 46 33 21 87 54 69 30 97 15 4 28 72 41 7 74 82 34 64 73 32 26 19 43 61 1 88 62 73 92 31 46 64 19 94 64 96 47 38 91 46 59 73 76 46 64 29 13 28 60 67 62 52 19
100 3
33 28 43 73 16 46 2 41 96 82 66 48 58 4 25 9 86 21 16 53 16 85 90 73 68 34 82 40 1 65 67 85 95 40 98 37 94 48 76 69 23 85 94 4 52 87 98 94 62 76 65 46 88 65 4 22 44 52 73 61 64 85 68 4 71 69 57 72 3 68 67 84 73 89 97 22 13 96 27 64 77 31 98 67 13 23 94 64 5 85 66 13 20 40 10 70 1 75 64 13
100 3
24 28 40 23 83 90 92 39 77 26 82 54 74 40 49 74 11 68 70 84 62 5 31 65 24 80 57 43 19 53 74 5 38 25 32 92 17 85 14 44 19 81 56 32 83 40 84 98 73 94 30 53 14 51 52 98 77 28 47 32 46 64 4 43 47 3 98 71 42 62 19 47 32 59 73 71 5 74 34 25 89 95 32 11 86 39 61 34 9 6 47 46 80 8 50 2 47 74 2 45
13 3
8 52 30 79 35 4 73 70 44 46 65 89 38
1 3
79
100 3
85 1 13 2 77 28 57 51 61 49 70 37 83 85 37 67 97 40 64 37 35 92 88 79 37 41 94 56 98 79 26 16 89 61 61 88 47 49 52 58 2 19 37 22 4 46 67 22 46 79 73 14 38 52 2 49 63 61 4 66 13 47 94 89 85 61 18 98 82 67 10 22 7 52 31 19 18 77 79 92 30 39 29 79 25 69 84 73 91 73 70 16 98 70 25 17 37 16 26 58
100 2
45 28 87 90 51 80 17 28 33 80 55 14 70 36 99 26 97 81 44 96 35 27 95 48 75 94 97 6 9 65 37 82 56 79 85 80 32 15 16 12 34 88 84 24 16 82 74 56 55 30 43 80 9 63 27 48 28 23 88 71 35 57 19 8 11 19 6 10 75 6 66 13 30 99 77 52 54 97 61 29 72 21 48 13 89 75 72 39 74 51 20 62 50 79 69 78 93 57 4 77
100 3
31 40 74 88 49 86 53 10 53 21 6 55 65 10 13 38 16 25 92 19 58 73 58 76 61 72 7 38 34 94 74 10 71 68 90 59 17 70 16 92 49 47 59 86 35 85 13 71 31 97 94 14 40 52 6 55 63 49 23 82 7 75 58 13 38 31 67 88 27 91 97 68 73 43 82 5 64 60 63 51 58 94 20 43 41 53 26 50 72 73 58 7 31 49 71 16 7 86 26 65
100 3
46 70 20 7 70 95 86 19 67 77 78 46 85 46 77 34 97 40 56 4 43 57 95 5 12 19 88 3 67 84 43 91 88 1 4 85 98 82 31 52 66 94 19 94 47 22 11 79 25 70 58 11 35 56 22 97 75 83 93 98 91 97 85 23 43 82 27 55 50 40 61 96 73 23 23 82 52 72 10 71 65 43 13 33 88 97 57 74 29 72 58 6 79 29 75 66 29 10 79 31
100 3
40 70 91 40 48 5 46 82 67 31 5 78 38 31 95 93 43 49 67 89 7 30 94 4 15 94 8 53 34 31 49 31 38 62 10 25 8 23 30 20 8 69 87 91 55 13 39 22 24 40 94 64 76 87 95 10 5 55 92 11 21 35 49 69 27 7 53 91 16 86 86 64 22 63 93 95 76 49 70 25 84 85 5 98 70 94 82 49 90 4 94 76 37 77 98 28 39 48 19 52
100 3
32 1 8 69 33 35 36 35 72 1 24 80 50 67 6 94 51 1 90 11 85 41 61 54 41 66 34 76 36 89 78 46 78 98 27 51 17 3 22 16 96 8 67 44 57 15 14 34 79 63 92 49 2 10 65 67 1 16 51 62 72 27 77 47 40 42 26 36 14 46 11 52 93 37 19 22 16 63 12 98 25 20 11 64 6 21 68 51 92 5 31 8 32 85 71 85 7 84 6 38
100 3
83 22 25 27 14 73 47 75 19 8 18 38 61 44 61 8 16 54 40 11 10 26 95 8 59 48 50 4 73 80 71 82 74 50 73 52 42 29 29 79 83 91 10 77 50 50 51 35 17 17 95 29 20 8 89 26 8 68 23 51 53 92 68 40 5 35 19 2 71 8 5 51 68 53 98 26 10 11 56 59 86 83 14 12 54 85 31 14 8 80 11 35 84 8 28 70 20 98 55 2
100 3
57 8 95 47 62 59 56 13 3 30 98 56 8 97 7 34 84 85 25 85 5 53 17 70 59 39 62 35 64 44 56 54 51 17 71 26 50 81 17 20 25 47 47 78 52 92 94 53 29 44 98 28 17 83 5 50 71 11 5 49 14 62 35 50 2 52 59 26 80 32 13 61 65 92 7 98 98 80 5 44 50 25 98 63 38 74 22 23 5 65 8 74 23 41 60 73 35 47 32 61
100 3
77 67 5 23 65 44 89 50 35 17 17 76 94 77 96 51 50 89 20 8 74 36 92 67 68 67 79 3 89 83 16 84 49 46 52 62 74 47 8 8 84 62 14 88 37 52 20 35 79 44 46 71 70 20 20 50 53 59 47 89 75 62 65 11 17 26 41 82 64 20 11 23 20 26 5 74 23 50 92 49 32 83 38 95 29 96 43 98 11 77 37 84 47 13 68 4 68 11 34 29
100 3
85 55 31 61 60 47 40 94 31 63 52 63 46 37 71 28 47 61 1 97 49 91 34 77 66 41 88 40 79 31 92 78 92 92 79 44 79 96 67 7 46 64 95 22 16 75 62 22 53 85 93 9 94 55 70 25 58 73 65 73 49 79 52 1 7 67 85 84 52 4 91 85 7 62 51 32 7 95 49 83 70 79 87 9 98 67 85 31 37 38 20 89 67 57 79 54 52 43 34 81
17 3
22 25 36 16 67 83 8 37 40 91 40 20 1 68 79 92 59
100 3
88 65 12 26 73 47 11 62 13 88 32 68 59 91 23 95 64 37 56 5 48 88 41 26 41 89 91 14 93 52 41 4 52 55 42 56 29 55 59 42 11 71 55 44 86 65 95 62 48 32 24 41 59 22 14 2 5 44 5 50 44 10 98 86 19 25 41 2 44 79 5 45 32 85 2 98 91 8 14 32 17 27 65 50 89 83 64 89 75 83 14 76 44 38 26 4 89 64 80 92
100 3
42 50 31 71 32 35 38 92 23 46 58 17 21 68 52 6 14 41 45 80 48 43 63 28 72 67 49 26 97 13 71 47 65 29 93 16 83 97 4 83 14 62 83 17 20 80 53 98 68 88 80 16 19 83 45 61 56 23 65 95 4 74 5 41 55 71 29 89 71 62 68 57 14 97 5 98 86 35 26 74 92 92 62 29 50 58 77 56 35 78 55 26 53 26 47 54 38 2 8 58
100 3
91 83 77 9 62 76 8 71 98 68 44 74 83 41 14 28 35 26 26 26 53 97 40 87 38 80 65 28 10 29 2 71 71 32 65 85 34 2 29 17 19 54 47 93 72 26 65 32 32 54 71 60 52 74 17 85 76 19 77 80 2 17 20 45 47 48 32 16 2 65 2 74 67 29 26 43 17 35 95 86 61 77 2 89 49 22 69 10 25 11 38 32 59 92 88 95 14 83 95 93
100 3
47 11 77 5 44 50 32 32 32 8 20 86 83 89 65 33 78 78 53 8 11 13 92 26 94 67 7 35 2 4 65 42 43 19 83 92 42 19 61 46 98 59 79 32 74 64 70 62 25 17 59 44 16 33 66 5 55 11 53 59 32 57 26 11 55 26 14 2 23 8 72 94 86 5 86 19 95 62 98 68 37 62 26 1 76 27 49 86 2 14 95 8 50 56 8 44 21 48 16 69
100 3
78 23 70 70 4 2 39 41 35 67 31 56 98 32 4 22 88 67 82 87 69 85 68 26 44 26 22 40 23 88 40 14 25 24 31 97 45 8 5 61 41 58 95 85 39 77 61 21 89 94 4 1 64 97 22 25 83 79 89 98 25 94 10 95 94 28 69 37 31 31 25 24 97 82 58 46 36 55 19 27 78 85 55 73 46 34 25 34 43 37 55 4 25 34 37 19 49 91 76 26
12 3
31 58 41 29 4 92 61 29 55 5 2 10
22 3
67 31 28 49 76 56 25 7 85 89 44 41 20 34 56 40 4 31 14 43 55 41
100 3
8 73 81 32 83 73 34 24 59 25 85 13 50 45 56 15 26 5 8 70 80 88 32 20 65 76 60 70 8 14 16 23 55 85 71 77 30 86 94 83 23 11 64 56 23 26 5 31 77 20 72 80 34 37 28 53 62 5 92 8 1 94 79 41 87 7 77 59 59 55 92 1 2 20 76 56 98 5 26 20 41 17 41 44 89 67 22 50 23 50 20 65 17 38 97 43 83 10 89 7
100 3
92 14 95 91 50 56 2 52 17 49 1 60 80 65 44 4 69 94 80 55 12 91 83 34 8 92 92 71 90 91 32 50 11 50 46 97 68 23 30 60 76 5 26 10 38 23 53 76 27 44 59 57 35 70 83 85 8 29 31 1 86 92 14 94 53 35 55 74 58 26 29 69 52 89 56 50 88 72 86 26 46 5 62 53 23 71 60 92 96 59 17 90 62 46 98 5 81 23 34 75
