30 30 450 10000
10 19 30 17
8 9 9 11
7 9 11 25
20 26 4 9
7 12 2 18
27 10 7 7
10 7 2 4
28 21 6 30
29 6 12 25
4 27 16 2
26 18 15 21
27 16 17 11
5 19 20 25
18 17 6 16
5 11 8 13
4 29 29 20
9 17 5 19
16 6 29 1
19 4 3 14
15 17 30 19
14 19 29 14
21 30 7 24
2 2 25 29
21 27 8 22
14 15 24 17
12 4 15 23
7 2 21 30
11 25 7 10
22 11 10 19
29 19 10 1
5 14 11 23
28 20 9 13
13 3 20 23
26 30 29 22
22 2 29 30
5 18 26 27
9 5 15 1
7 24 9 18
2 9 5 8
14 8 8 19
2 5 10 12
13 4 8 1
13 26 14 6
3 28 3 19
16 7 5 10
19 14 3 28
20 5 17 15
16 25 8 9
30 13 26 16
8 18 26 2
18 2 12 4
3 13 30 24
30 16 11 2
4 10 17 20
5 25 19 22
17 28 7 15
1 18 26 13
8 25 9 28
28 30 25 20
23 5 12 26
1 14 29 7
22 19 15 28
22 27 18 15
15 19 27 5
1 7 21 2
2 25 5 13
20 27 22 4
27 27 7 6
29 2 29 11
27 15 3 15
18 14 26 12
18 4 8 28
4 11 25 30
26 3 13 30
8 28 7 11
20 16 14 24
2 10 24 26
10 20 7 29
7 30 14 3
25 17 15 14
18 24 26 17
14 12 5 21
9 1 1 18
17 7 19 6
4 26 30 7
6 29 20 1
15 8 8 27
19 29 20 28
11 19 21 11
18 12 1 5
28 17 9 17
11 17 15 13
3 14 26 5
16 15 28 24
8 24 17 9
9 11 14 30
3 20 16 1
18 28 21 27
4 21 7 22
9 3 16 6
27 22 6 11
29 25 8 14
12 11 29 19
24 13 27 19
22 7 11 30
19 1 2 24
30 2 10 7
24 9 21 19
17 20 3 8
21 16 3 5
21 5 2 11
21 21 20 22
25 20 22 14
15 14 16 20
1 23 18 14
30 29 12 14
22 5 22 28
19 15 28 28
30 6 11 12
4 18 29 21
17 11 28 21
1 29 3 29
5 17 24 7
5 3 19 23
1 12 9 16
11 4 5 24
8 22 10 27
27 28 3 2
27 11 18 17
23 3 27 15
12 26 29 4
27 23 24 3
1 2 29 23
6 13 14 13
3 10 3 20
30 17 21 18
4 13 15 18
12 8 20 12
8 23 15 3
25 4 10 6
28 26 22 11
6 9 25 3
7 27 29 27
29 12 23 3
2 16 8 23
14 11 24 20
14 6 7 5
14 2 14 12
12 20 20 29
4 1 21 3
17 14 25 18
28 9 12 23
2 26 12 18
12 2 8 26
4 12 19 4
3 5 7 20
9 30 29 25
28 6 1 3
18 18 17 26
21 4 17 17
16 5 2 6
11 8 5 20
7 13 10 3
5 30 13 29
23 8 5 5
7 6 10 23
28 8 10 11
22 20 22 24
1 5 25 10
10 30 21 16
5 6 10 9
26 5 14 2
12 9 9 19
2 17 2 14
21 2 11 22
4 8 23 13
10 13 6 12
12 17 19 11
20 25 7 12
21 17 11 8
8 11 30 11
12 14 23 28
24 21 7 16
13 6 29 24
10 9 17 1
24 2 24 21
15 11 17 12
4 9 9 22
5 10 24 30
19 28 21 26
9 7 2 28
23 16 4 21
28 28 13 4
12 24 18 21
24 22 10 15
13 27 25 13
13 16 18 28
14 14 6 15
13 11 10 30
28 4 6 13
1 25 24 27
25 30 1 23
24 3 19 20
2 12 13 20
13 24 9 7
9 9 19 9
9 10 7 1
28 18 18 12
27 26 19 21
10 23 28 13
27 6 14 21
12 23 27 27
19 25 25 7
18 20 9 23
15 4 25 2
19 18 17 27
25 28 10 26
18 27 8 25
2 18 11 13
8 10 19 30
23 15 14 11
1 10 26 26
28 25 12 6
11 24 27 14
6 2 5 4
4 7 2 20
21 29 24 29
2 20 12 22
20 10 18 27
5 5 12 12
4 23 7 2
20 30 25 14
28 3 27 7
25 8 15 26
23 17 20 27
12 3 28 25
27 25 21 29
19 22 30 6
15 29 10 10
1 1 15 20
3 26 2 23
21 20 14 20
18 7 26 29
12 6 4 16
6 17 18 30
30 11 26 10
27 1 12 15
6 26 10 17
7 20 4 7
11 26 23 5
2 21 20 21
11 14 19 12
7 5 25 4
6 14 2 2
1 27 28 4
24 29 17 28
11 5 24 13
10 12 20 4
23 11 6 28
22 25 4 20
11 21 30 20
19 9 15 2
18 6 24 28
5 9 20 15
26 8 14 15
17 5 3 17
9 25 26 19
6 24 6 24
17 8 7 28
7 22 9 25
14 21 6 8
9 24 2 25
18 3 28 20
14 24 24 11
12 16 3 24
15 28 13 2
29 10 27 25
13 23 18 19
6 23 26 1
21 19 9 1
18 16 28 12
1 3 1 13
9 19 24 18
16 28 7 26
20 8 17 10
14 28 22 13
16 12 6 20
24 17 15 5
30 8 21 15
14 26 26 28
28 12 5 1
29 23 16 8
12 12 16 16
10 8 17 19
22 23 18 9
30 1 11 27
5 4 13 23
3 3 13 28
4 16 14 7
19 3 18 10
19 5 18 29
25 10 8 6
9 22 3 1
16 3 10 4
10 4 12 13
21 28 10 28
3 30 24 10
8 5 23 4
18 1 28 14
6 3 26 21
16 21 15 22
12 21 22 27
25 5 22 8
7 14 6 5
25 2 29 26
13 29 18 16
26 9 28 27
8 6 27 3
1 20 15 27
24 19 26 30
5 22 19 24
28 13 3 18
28 23 3 12
1 16 9 15
14 13 14 23
28 7 9 14
16 22 22 6
8 19 1 16
22 26 19 26
15 23 24 25
16 24 18 25
1 8 4 29
23 19 15 9
15 12 4 22
3 11 27 11
25 14 13 17
1 11 17 3
24 18 6 22
20 29 2 9
3 1 4 15
22 28 17 13
26 13 23 8
10 1 14 8
23 23 18 2
14 27 24 4
22 29 7 25
5 29 26 9
21 22 19 2
29 7 26 25
15 24 21 8
30 3 6 23
19 23 24 14
2 22 27 8
28 19 1 30
1 15 1 7
6 21 28 6
22 9 7 13
6 5 18 24
4 28 19 16
8 7 8 4
1 24 25 24
27 5 6 25
5 2 22 17
3 25 20 10
16 19 16 11
28 16 29 13
24 24 27 10
26 7 27 23
30 23 7 30
22 22 4 30
8 14 28 29
7 7 1 2
24 7 4 11
2 11 8 15
12 1 6 9
21 25 1 28
28 15 24 23
2 23 11 14
14 22 29 6
6 11 30 25
14 17 30 27
8 3 21 25
29 30 7 19
3 8 2 15
3 16 20 20
2 29 12 30
17 9 8 24
20 22 21 17
2 27 24 19
20 28 19 29
6 30 1 9
14 23 23 23
25 16 5 6
13 15 6 10
3 9 26 6
17 4 8 30
26 21 20 14
23 9 13 16
20 3 24 8
18 30 19 17
4 17 4 5
26 17 12 29
8 15 13 13
22 30 29 9
29 26 4 2
5 27 10 22
10 2 13 9
6 15 21 4
6 20 12 7
14 16 28 11
22 10 18 18
10 6 4 4
30 28 7 3
9 12 18 4
2 24 19 13
3 27 8 17
19 27 29 5
12 22 30 21
12 27 4 23
21 14 22 16
16 2 9 30
5 7 2 16
11 11 10 24
11 3 15 16
25 6 22 30
5 12 11 16
15 1 30 14
6 12 11 5
5 24 15 7
30 5 2 21
18 19 28 30
24 12 1 8
23 26 19 8
19 12 3 9
17 17 11 6
11 18 14 25
1 22 24 5
10 17 17 22
29 17 27 16
18 9 28 17
10 22 7 18
23 2 27 6
4 25 5 14
19 30 15 6
18 8 16 4
13 25 17 29
22 18 1 1
20 4 9 20
26 29 29 15
14 9 13 18

