100
4 2
5 2
6 2
1000 1000
1000 1
999999 1
500000 258153
650925 489013
500000 1
786905 679802
500000 249998
999999 999998
1000000 1
999999 499999
371610 358566
1000000 475713
1000000 331433
299877 252299
999999 128
999999 999999
1000000 262143
949154 859858
999999 512247
500000 250000
500000 127
727939 695601
634013 535275
999999 262144
304825 239319
5 1
906934 699900
1000000 524287
980044 845772
418942 368001
1000000 475712
581035 567725
391752 327214
1000000 128
934492 761223
853191 705764
999999 127
1000000 499998
830418 764122
491695 478066
500000 237856
549284 486444
500000 249999
500000 262144
273890 212505
500000 2
900856 836109
1000000 262144
999999 499998
999999 475711
500000 128
500000 131072
500000 500000
4 1
500000 262143
1000000 492346
999999 262143
1000000 500000
999999 499997
500000 237857
999999 475712
940587 795666
979195 880868
252938 206207
1000000 1000000
774838 760194
1000000 499999
798240 746251
2 2
820081 801354
994740 885135
755094 690369
500000 131071
795497 653524
347701 308816
783965 778527
999999 473566
999999 524288
271124 255501
999999 524287
1000000 2
500000 215142
3 1
2 1
490572 372150
902255 820664
1 1
994152 806022
999999 2
796008 686150
1000000 127
3 2
1000000 524288
787735 664296
1000000 999999
500000 499999
