100
4 2
5 2
6 2
1000 1000
1000 1
528 425
3 2
590 465
500 1
999 128
500 244
500 256
999 487
824 627
1000 332
253 193
522 518
999 488
500 245
2 2
463 462
667 646
999 1
500 2
1000 488
1000 511
480 464
500 500
584 531
999 499
999 256
587 546
1000 497
1000 498
442 410
802 744
1000 128
999 485
1000 500
655 496
500 220
500 254
999 998
999 2
536 535
2 1
500 248
940 909
500 74
500 255
999 498
864 845
5 1
3 1
500 128
999 255
1000 512
500 127
999 506
1000 127
275 256
1000 489
999 127
1000 255
1000 256
726 637
999 512
892 757
633 478
758 742
314 288
928 921
327 307
500 117
782 648
444 368
740 579
928 865
914 848
500 116
500 499
976 862
1000 499
999 511
1000 2
840 777
431 398
1000 999
696 522
354 347
662 507
999 999
1 1
999 497
500 250
4 1
715 679
500 249
531 500
504 433
