99
6 2 0 2 0 2 0
3 1 0 2 0 0 0
399 99 0 111 0 189 0
7 3 0 2 0 2 0
157 67 0 40 0 50 0
796 358 0 65 0 373 0
5 2 0 0 0 3 0
36 18 0 6 0 12 0
870 356 0 130 0 384 0
968 146 0 111 0 711 0
936 164 0 366 0 406 0
274 102 0 49 0 123 0
199 2 0 99 0 98 0
748 178 0 244 0 326 0
802 174 0 475 0 153 0
368 118 0 78 0 172 0
5 3 0 1 0 1 0
355 173 0 87 0 95 0
1000 250 0 250 0 500 0
773 109 0 339 0 325 0
586 119 0 280 0 187 0
421 141 0 154 0 126 0
53 22 0 17 0 14 0
540 75 0 207 0 258 0
962 123 0 463 0 376 0
5 1 0 2 0 2 0
284 68 0 89 0 127 0
669 236 0 313 0 120 0
489 202 0 130 0 157 0
446 197 0 214 0 35 0
999 499 0 0 0 500 0
337 153 0 117 0 67 0
999 499 0 499 0 1 0
999 249 0 500 0 250 0
447 218 0 91 0 138 0
376 71 0 117 0 188 0
214 84 0 96 0 34 0
4 1 0 2 0 1 0
1000 1 0 499 0 500 0
115 56 0 41 0 18 0
787 264 0 124 0 399 0
4 0 0 2 0 2 0
426 220 0 116 0 90 0
931 358 0 320 0 253 0
999 250 0 250 0 499 0
496 448 0 44 0 4 0
3 1 0 1 0 1 0
514 135 0 216 0 163 0
540 247 0 149 0 144 0
150 72 0 26 0 52 0
150 108 0 0 0 42 0
171 85 0 36 0 50 0
626 255 0 189 0 182 0
539 207 0 202 0 130 0
1000 333 0 334 0 333 0
258 49 0 121 0 88 0
654 190 0 319 0 145 0
375 45 0 186 0 144 0
514 207 0 178 0 129 0
3 3 0 0 0 0 0
412 186 0 193 0 33 0
7 3 0 1 0 3 0
529 258 0 207 0 64 0
161 50 0 85 0 26 0
947 303 0 413 0 231 0
873 75 0 96 0 702 0
1000 500 0 500 0 0 0
88 24 0 39 0 25 0
6 2 0 1 0 3 0
4 1 0 1 0 2 0
253 88 0 63 0 102 0
714 342 0 147 0 225 0
303 107 0 149 0 47 0
999 333 0 333 0 333 0
4 3 0 0 0 1 0
538 0 0 15 0 523 0
3 2 0 1 0 0 0
510 255 0 107 0 148 0
4 2 0 2 0 0 0
628 298 0 275 0 55 0
653 274 0 54 0 325 0
93 23 0 26 0 44 0
161 23 0 66 0 72 0
371 82 0 128 0 161 0
231 40 0 109 0 82 0
775 135 0 312 0 328 0
378 180 0 131 0 67 0
422 208 0 39 0 175 0
298 12 0 37 0 249 0
4 2 0 1 0 1 0
6 3 0 3 0 0 0
45 21 0 3 0 21 0
567 247 0 166 0 154 0
217 83 0 42 0 92 0
512 144 0 181 0 187 0
1000 0 0 499 0 501 0
609 274 0 173 0 162 0
635 269 0 175 0 191 0
772 194 0 313 0 265 0
