99
2525 1
2400 5
300 2
120 60
60 90
339301398 1
86238889 7577
751180102 1
648479798 5368
2 1
1 10000
242862517 1
204368861 1549
337671080 1
102394985 3146
903963884 1
516002565 5982
820153092 1
551872911 9734
1000000000 2
100 10000
200 10000
2 1
1 1
1000000000 2
998000000 10000
999000000 10000
747660588 1
161756353 4084
1000000000 2
1 3
2 2
277774240 1
145959858 1205
622362850 1
534358667 5745
625382441 1
596324947 3515
784477246 1
179247383 7725
964237300 1
359633010 5013
298654860 1
71000516 3247
718910158 1
486020740 296
403354698 1
201073104 1904
1000000000 2
998000000 1
999000000 1
874076919 1
1905779 8808
460956968 1
383068221 9339
683872714 1
344487638 3658
920806857 1
650484870 4889
70614121 1
4636217 7519
505905325 1
7713854 4157
74772631 1
10036588 4670
252582773 1
64163952 5226
114257037 1
80881892 6069
134295170 1
110306750 2266
501566740 1
147971196 3074
650969636 1
99795610 9793
1000000000 1
1 1
645718408 2
430877577 2927
184648472 7530
106525795 1
91914247 9992
1000000000 2
12345676 2
12345675 3
200000 2
5001 1
5000 6
791899946 1
366882260 2649
40791362 1
21236664 1179
397222772 1
180874888 3569
886306919 1
571339339 8774
227637720 1
162007631 8908
355914467 1
49593636 5018
440810642 1
40846167 773
1000000000 2
999999997 3
999999998 2
179932731 1
168336354 113
136320983 1
53461831 7178
571157336 1
496547996 9341
392757460 1
269379061 5028
565558584 1
544895665 1097
247422261 1
96748638 8866
238894958 1
29980550 8779
537448432 1
11286127 7310
961941608 1
72896052 320
36769970 1
27044169 1741
180423603 1
122124427 6619
636828408 1
11784363 9433
379284774 1
67530088 8439
614939106 1
191163463 1889
361762661 1
251202367 2470
1000000000 1
999999999 1
922507418 1
757825356 6423
755469164 1
266575011 8442
949150376 1
341146943 7899
843659729 1
30463864 8705
583702230 1
161270813 3316
216246131 1
71646065 2288
739993517 1
338918331 5872
190061915 1
18098670 6479
7801007 1
5334607 2782
725925647 1
298796117 9639
565955018 1
238305737 5293
303137199 1
288605947 9607
170261567 1
146482818 7733
90469414 1
85507750 2842
264846483 1
134096173 1793
1000000000 2
999999996 3
999999997 2
348453428 1
286349373 1715
557333438 2
182646862 9275
259734285 1236
141629037 1
26983228 9407
767309893 1
214649022 8260
44160768 1
37688296 8791
1000000000 1
1 10000
457461424 1
77537242 7306
546880011 1
175963671 7225
454106754 1
114148426 5640
84855973 1
9128583 4100
992904846 1
620090414 6927
1000000000 1
999999999 10000
659087061 1
643613787 697
769909146 1
216923916 6649
230262327 1
79533576 3286
796961800 1
692628321 678
1000000000 2
999999998 3
999999999 2
755457174 1
256076850 3918
920596778 1
569006682 2894
